{
 "cells": [
  {
   "cell_type": "markdown",
   "metadata": {},
   "source": [
    "2. Generate at random 3 matrices of size 3 x 3 and fill each entry with a random integer chosen from -10 to 10. Use an existing\n",
    "package to compute the inverse of each matrix if it exists. Include in your report:\n",
    "\n",
    "- Each of the 3 matrices\n",
    "- The inverses computed with the package\n",
    "- Compute the product of each matrix with its inverse to check that you obtain the identity matrix."
   ]
  },
  {
   "cell_type": "code",
   "execution_count": 1,
   "metadata": {},
   "outputs": [],
   "source": [
    "import numpy as np"
   ]
  },
  {
   "cell_type": "code",
   "execution_count": 2,
   "metadata": {},
   "outputs": [
    {
     "data": {
      "text/plain": [
       "[array([[-7, -2, -1],\n",
       "        [-3, -3,  1],\n",
       "        [-3, -1, -2]]),\n",
       " array([[ 1, -8, -2],\n",
       "        [-4, -8, -4],\n",
       "        [ 6, -6, -9]]),\n",
       " array([[ 1,  2, -3],\n",
       "        [ 5,  6, -2],\n",
       "        [-9,  0,  3]])]"
      ]
     },
     "execution_count": 2,
     "metadata": {},
     "output_type": "execute_result"
    }
   ],
   "source": [
    "# generate 3 matrices of size 3x3 and fill with random integers from -10 to 10\n",
    "matrices = []\n",
    "for i in range(3):\n",
    "    matrices.append(np.random.randint(-10, 10, (3, 3)))\n",
    "matrices"
   ]
  },
  {
   "cell_type": "code",
   "execution_count": 3,
   "metadata": {},
   "outputs": [
    {
     "data": {
      "text/plain": [
       "[array([[-0.28,  0.12,  0.2 ],\n",
       "        [ 0.36, -0.44, -0.4 ],\n",
       "        [ 0.24,  0.04, -0.6 ]]),\n",
       " array([[ 0.125     , -0.15625   ,  0.04166667],\n",
       "        [-0.15625   ,  0.0078125 ,  0.03125   ],\n",
       "        [ 0.1875    , -0.109375  , -0.10416667]]),\n",
       " array([[-0.13043478,  0.04347826, -0.10144928],\n",
       "        [-0.02173913,  0.17391304,  0.0942029 ],\n",
       "        [-0.39130435,  0.13043478,  0.02898551]])]"
      ]
     },
     "execution_count": 3,
     "metadata": {},
     "output_type": "execute_result"
    }
   ],
   "source": [
    "# find the inverse of each matrix using the numpy linalg package\n",
    "inv_matrices = []\n",
    "for i in matrices:\n",
    "    inv_matrices.append(np.linalg.inv(i))\n",
    "inv_matrices"
   ]
  },
  {
   "cell_type": "code",
   "execution_count": 4,
   "metadata": {},
   "outputs": [
    {
     "data": {
      "text/plain": [
       "[array([[ 1.00000000e+00,  2.08166817e-17,  0.00000000e+00],\n",
       "        [-1.38777878e-16,  1.00000000e+00, -1.11022302e-16],\n",
       "        [-5.55111512e-17, -1.38777878e-17,  1.00000000e+00]]),\n",
       " array([[ 1.00000000e+00, -1.11022302e-16, -1.94289029e-16],\n",
       "        [-1.11022302e-16,  1.00000000e+00, -1.11022302e-16],\n",
       "        [-5.55111512e-17,  1.38777878e-17,  1.00000000e+00]]),\n",
       " array([[ 1.00000000e+00, -2.77555756e-17,  0.00000000e+00],\n",
       "        [ 1.11022302e-16,  1.00000000e+00,  8.32667268e-17],\n",
       "        [-1.66533454e-16,  8.32667268e-17,  1.00000000e+00]])]"
      ]
     },
     "execution_count": 4,
     "metadata": {},
     "output_type": "execute_result"
    }
   ],
   "source": [
    "# compute the product of the inverse matrix and original matrix to double check that \n",
    "# the identity matrix is obtained\n",
    "identity_matrices = []\n",
    "for i in range(len(inv_matrices)):\n",
    "    identity_matrices.append(matrices[i] @ inv_matrices[i])\n",
    "identity_matrices"
   ]
  }
 ],
 "metadata": {
  "kernelspec": {
   "display_name": "Python 3",
   "language": "python",
   "name": "python3"
  },
  "language_info": {
   "codemirror_mode": {
    "name": "ipython",
    "version": 3
   },
   "file_extension": ".py",
   "mimetype": "text/x-python",
   "name": "python",
   "nbconvert_exporter": "python",
   "pygments_lexer": "ipython3",
   "version": "3.11.4"
  }
 },
 "nbformat": 4,
 "nbformat_minor": 2
}
