{
 "cells": [
  {
   "cell_type": "markdown",
   "metadata": {},
   "source": [
    "2. Generate at random 3 matrices of size 3 x 3 and fill each entry with a random integer chosen from -10 to 10. Use an existing\n",
    "package to compute the inverse of each matrix if it exists. Include in your report:\n",
    "\n",
    "- Each of the 3 matrices\n",
    "- The inverses computed with the package\n",
    "- Compute the product of each matrix with its inverse to check that you obtain the identity matrix."
   ]
  },
  {
   "cell_type": "code",
   "execution_count": 44,
   "metadata": {},
   "outputs": [],
   "source": [
    "import numpy as np"
   ]
  },
  {
   "cell_type": "code",
   "execution_count": 46,
   "metadata": {},
   "outputs": [
    {
     "data": {
      "text/plain": [
       "[array([[-10,  -1,   2],\n",
       "        [ -4,  -4,  -3],\n",
       "        [ -1,   3,   4]]),\n",
       " array([[ 4,  3, -1],\n",
       "        [-8,  0, -2],\n",
       "        [ 1, -2, -5]]),\n",
       " array([[ 8, -2, -5],\n",
       "        [ 6, -9, -3],\n",
       "        [ 8,  3,  8]])]"
      ]
     },
     "execution_count": 46,
     "metadata": {},
     "output_type": "execute_result"
    }
   ],
   "source": [
    "# generate 3 matrices of size 3x3 and fill with random integers from -10 to 10\n",
    "matrices = []\n",
    "for i in range(3):\n",
    "    matrices.append(np.random.randint(-10, 10, (3, 3), dtype=\"l\"))\n",
    "matrices"
   ]
  },
  {
   "cell_type": "code",
   "execution_count": 48,
   "metadata": {},
   "outputs": [
    {
     "data": {
      "text/plain": [
       "[array([[-0.36842105,  0.52631579,  0.57894737],\n",
       "        [ 1.        , -2.        , -2.        ],\n",
       "        [-0.84210526,  1.63157895,  1.89473684]]),\n",
       " array([[ 0.02531646, -0.10759494,  0.03797468],\n",
       "        [ 0.26582278,  0.12025316, -0.10126582],\n",
       "        [-0.10126582, -0.06962025, -0.15189873]]),\n",
       " array([[ 0.07777778, -0.00123457,  0.04814815],\n",
       "        [ 0.08888889, -0.12839506,  0.00740741],\n",
       "        [-0.11111111,  0.04938272,  0.07407407]])]"
      ]
     },
     "execution_count": 48,
     "metadata": {},
     "output_type": "execute_result"
    }
   ],
   "source": [
    "# find the inverse of each matrix using the numpy linalg package\n",
    "inv_matrices = []\n",
    "for i in matrices:\n",
    "    inv_matrices.append(np.linalg.inv(i))\n",
    "inv_matrices"
   ]
  },
  {
   "cell_type": "code",
   "execution_count": 52,
   "metadata": {},
   "outputs": [
    {
     "data": {
      "text/plain": [
       "[array([[ 1.00000000e+00, -8.88178420e-16,  0.00000000e+00],\n",
       "        [-2.22044605e-16,  1.00000000e+00,  6.66133815e-16],\n",
       "        [ 0.00000000e+00,  0.00000000e+00,  1.00000000e+00]]),\n",
       " array([[ 1.00000000e+00, -1.38777878e-17,  2.77555756e-17],\n",
       "        [ 0.00000000e+00,  1.00000000e+00,  0.00000000e+00],\n",
       "        [ 6.93889390e-17, -4.16333634e-17,  1.00000000e+00]]),\n",
       " array([[ 1.00000000e+00,  0.00000000e+00,  0.00000000e+00],\n",
       "        [ 5.55111512e-17,  1.00000000e+00,  0.00000000e+00],\n",
       "        [ 0.00000000e+00, -1.11022302e-16,  1.00000000e+00]])]"
      ]
     },
     "execution_count": 52,
     "metadata": {},
     "output_type": "execute_result"
    }
   ],
   "source": [
    "# compute the product of the inverse matrix and original matrix to double check that \n",
    "# the identity matrix is obtained\n",
    "identity_matrices = []\n",
    "for i in range(len(inv_matrices)):\n",
    "    identity_matrices.append(matrices[i] @ inv_matrices[i])\n",
    "identity_matrices"
   ]
  }
 ],
 "metadata": {
  "kernelspec": {
   "display_name": "Python 3",
   "language": "python",
   "name": "python3"
  },
  "language_info": {
   "codemirror_mode": {
    "name": "ipython",
    "version": 3
   },
   "file_extension": ".py",
   "mimetype": "text/x-python",
   "name": "python",
   "nbconvert_exporter": "python",
   "pygments_lexer": "ipython3",
   "version": "3.11.4"
  }
 },
 "nbformat": 4,
 "nbformat_minor": 2
}
