{
 "cells": [
  {
   "cell_type": "markdown",
   "metadata": {},
   "source": [
    "2. Generate at random 3 matrices of size 3 x 3 and fill each entry with a random integer chosen from -10 to 10. Use an existing\n",
    "package to compute the inverse of each matrix if it exists. Include in your report:\n",
    "\n",
    "- Each of the 3 matrices\n",
    "- The inverses computed with the package\n",
    "- Compute the product of each matrix with its inverse to check that you obtain the identity matrix."
   ]
  },
  {
   "cell_type": "code",
   "execution_count": 3,
   "metadata": {},
   "outputs": [],
   "source": [
    "import numpy as np"
   ]
  },
  {
   "cell_type": "code",
   "execution_count": 24,
   "metadata": {},
   "outputs": [
    {
     "data": {
      "text/plain": [
       "array([[-10,  -2,  -2],\n",
       "       [  4,  -5,  -8],\n",
       "       [ -8,   6,  -7]])"
      ]
     },
     "execution_count": 24,
     "metadata": {},
     "output_type": "execute_result"
    }
   ],
   "source": [
    "matrix1 = np.random.randint(-10 , 10, (3, 3), dtype=\"l\")\n",
    "matrix1"
   ]
  },
  {
   "cell_type": "code",
   "execution_count": 35,
   "metadata": {},
   "outputs": [
    {
     "data": {
      "text/plain": [
       "array([[-6, -9, -7],\n",
       "       [ 2, -5,  8],\n",
       "       [ 4, -7, -6]])"
      ]
     },
     "execution_count": 35,
     "metadata": {},
     "output_type": "execute_result"
    }
   ],
   "source": [
    "matrix2 = np.random.randint(-10 , 10, (3, 3), dtype=\"l\")\n",
    "matrix2"
   ]
  },
  {
   "cell_type": "code",
   "execution_count": 37,
   "metadata": {},
   "outputs": [
    {
     "data": {
      "text/plain": [
       "array([[ 6, -8,  8],\n",
       "       [-4, -3, -1],\n",
       "       [-1, -2, -9]])"
      ]
     },
     "execution_count": 37,
     "metadata": {},
     "output_type": "execute_result"
    }
   ],
   "source": [
    "matrix3 = np.random.randint(-10 , 10, (3, 3), dtype=\"l\")\n",
    "matrix3"
   ]
  },
  {
   "cell_type": "code",
   "execution_count": 25,
   "metadata": {},
   "outputs": [
    {
     "data": {
      "text/plain": [
       "array([[-0.08452138,  0.02647658, -0.00610998],\n",
       "       [-0.09368635, -0.05498982,  0.08961303],\n",
       "       [ 0.01629328, -0.07739308, -0.05906314]])"
      ]
     },
     "execution_count": 25,
     "metadata": {},
     "output_type": "execute_result"
    }
   ],
   "source": [
    "# inverse of matrix1 using numpy's linalg package\n",
    "inv1 = np.linalg.inv(matrix1)\n",
    "inv1"
   ]
  },
  {
   "cell_type": "code",
   "execution_count": 39,
   "metadata": {},
   "outputs": [
    {
     "data": {
      "text/plain": [
       "array([[-0.09014675,  0.00524109,  0.11215933],\n",
       "       [-0.04612159, -0.06708595, -0.03563941],\n",
       "       [-0.00628931,  0.08176101, -0.05031447]])"
      ]
     },
     "execution_count": 39,
     "metadata": {},
     "output_type": "execute_result"
    }
   ],
   "source": [
    "inv2 = np.linalg.inv(matrix2)\n",
    "inv2"
   ]
  },
  {
   "cell_type": "code",
   "execution_count": 40,
   "metadata": {},
   "outputs": [
    {
     "data": {
      "text/plain": [
       "array([[ 0.05319149, -0.18723404,  0.06808511],\n",
       "       [-0.07446809, -0.09787234, -0.05531915],\n",
       "       [ 0.0106383 ,  0.04255319, -0.10638298]])"
      ]
     },
     "execution_count": 40,
     "metadata": {},
     "output_type": "execute_result"
    }
   ],
   "source": [
    "inv3 = np.linalg.inv(matrix3)\n",
    "inv3"
   ]
  },
  {
   "cell_type": "code",
   "execution_count": 31,
   "metadata": {},
   "outputs": [
    {
     "data": {
      "text/plain": [
       "array([[ 1.00000000e+00,  2.08166817e-17, -3.81639165e-17],\n",
       "       [ 1.11022302e-16,  1.00000000e+00,  2.22044605e-16],\n",
       "       [ 0.00000000e+00,  1.38777878e-17,  1.00000000e+00]])"
      ]
     },
     "execution_count": 31,
     "metadata": {},
     "output_type": "execute_result"
    }
   ],
   "source": [
    "# compute the product of the inverse1 with matrix1 to check that identity matrix is obtained\n",
    "inv1 @ matrix1"
   ]
  },
  {
   "cell_type": "code",
   "execution_count": 41,
   "metadata": {},
   "outputs": [
    {
     "data": {
      "text/plain": [
       "array([[ 1.00000000e+00,  0.00000000e+00,  2.22044605e-16],\n",
       "       [-8.32667268e-17,  1.00000000e+00, -1.94289029e-16],\n",
       "       [ 0.00000000e+00,  3.46944695e-17,  1.00000000e+00]])"
      ]
     },
     "execution_count": 41,
     "metadata": {},
     "output_type": "execute_result"
    }
   ],
   "source": [
    "inv2 @ matrix2"
   ]
  },
  {
   "cell_type": "code",
   "execution_count": 42,
   "metadata": {},
   "outputs": [
    {
     "data": {
      "text/plain": [
       "array([[ 1.00000000e+00,  3.33066907e-16,  0.00000000e+00],\n",
       "       [-1.38777878e-17,  1.00000000e+00,  4.16333634e-17],\n",
       "       [-1.38777878e-17, -2.77555756e-17,  1.00000000e+00]])"
      ]
     },
     "execution_count": 42,
     "metadata": {},
     "output_type": "execute_result"
    }
   ],
   "source": [
    "inv3 @ matrix3"
   ]
  }
 ],
 "metadata": {
  "kernelspec": {
   "display_name": "Python 3",
   "language": "python",
   "name": "python3"
  },
  "language_info": {
   "codemirror_mode": {
    "name": "ipython",
    "version": 3
   },
   "file_extension": ".py",
   "mimetype": "text/x-python",
   "name": "python",
   "nbconvert_exporter": "python",
   "pygments_lexer": "ipython3",
   "version": "3.11.4"
  }
 },
 "nbformat": 4,
 "nbformat_minor": 2
}
